proxies <- c(
  "18.231.28.69:8080",
  "20.37.207.8:8080",
  "66.250.190.57:8080",
  "80.66.89.199:4000",
  "35.185.196.38:3128",
  "72.10.160.93:17479",
  "67.43.228.251:23005",
  "67.43.236.20:14979",
  "67.43.227.227:17629",
  "20.44.188.17:3129",
  "72.10.160.174:25631",
  "2.47.51.18:8080",
  "20.44.190.150:3129",
  "72.10.160.92:22751",
  "200.174.198.95:8888",
  "8.222.152.158:55555",
  "146.190.35.141:8000",
  "51.145.176.250:8080",
  "129.213.150.205:8080",
  "67.43.228.250:31307",
  "20.204.212.45:3129",
  "20.219.180.149:3129",
  "20.219.182.59:3129",
  "34.154.161.152:80",
  "20.219.177.73:3129",
  "114.129.2.82:8081",
  "20.219.177.85:3129",
  "72.10.160.91:21749",
  "158.180.68.39:3128",
  "185.217.136.67:1337",
  "72.10.160.172:21113",
  "67.43.228.252:7333",
  "67.43.236.18:9105",
  "47.252.29.28:11222",
  "202.86.138.18:8080",
  "115.96.208.124:8080",
  "23.225.133.74:41698",
  "178.46.163.102:3128",
  "158.69.53.98:9300",
  "45.88.138.45:3128",
  "109.108.40.238:8090",
  "152.67.9.179:8100",
  "52.172.1.186:3128",
  "212.110.188.202:34409",
  "36.111.191.127:808",
  "195.169.35.214:3128",
  "189.90.254.152:8080",
  "189.240.60.163:9090",
  "198.167.212.246:8118",
  "94.23.19.184:2912",
  "72.10.160.171:29855",
  "20.44.189.184:3129",
  "195.158.16.9:3128",
  "94.131.14.66:3128",
  "20.219.180.105:3129",
  "20.219.176.57:3129",
  "67.43.227.226:20913",
  "104.36.86.113:3128",
  "20.219.178.121:3129",
  "20.219.183.188:3129",
  "20.204.214.23:3129",
  "20.204.214.79:3129",
  "67.43.227.229:19085",
  "46.226.162.219:10086",
  "114.223.8.84:8118",
  "188.247.194.210:3128",
  "209.209.10.40:59291",
  "8.222.130.24:80",
  "103.113.71.230:3128",
  "67.43.227.230:7339",
  "112.30.155.83:12792",
  "135.181.226.41:3128",
  "188.166.99.123:8081",
  "116.99.235.172:30141",
  "200.25.254.193:54240",
  "37.120.192.154:8080",
  "67.43.236.21:18797",
  "212.193.56.27:80",
  "80.66.89.206:4006",
  "47.243.122.26:8081",
  "80.66.81.37:4006",
  "61.129.2.212:8080",
  "195.175.104.198:8080",
  "179.50.90.166:8515",
  "212.110.188.204:34411",
  "103.156.249.67:8080",
  "104.238.221.228:8888",
  "2.59.43.245:8888",
  "5.9.112.247:3128",
  "121.164.200.18:8118",
  "212.110.188.198:34405",
  "41.33.99.139:8080"
)
