proxies <- c(
  "72.10.160.90:2695",
  "138.219.249.5:3128",
  "158.181.204.159:8080",
  "44.226.167.102:80",
  "162.19.7.57:41115",
  "67.213.210.61:26367",
  "67.213.212.58:51494",
  "67.213.210.61:26367",
  "67.213.212.58:51494",
  "195.154.43.86:41207",
  "67.43.228.253:12319",
  "138.201.21.227:41601",
  "67.43.228.253:22975",
  "67.43.228.253:21607",
  "114.132.202.246:8080",
  "67.43.236.20:24489",
  "54.213.136.83:52167",
  "67.43.236.20:5051",
  "67.43.236.20:5051",
  "67.43.228.253:26107",
  "67.43.227.227:28963",
  "67.43.228.251:2305",
  "72.10.164.178:20313",
  "67.43.228.253:28539",
  "72.10.164.178:8093",
  "88.250.88.246:5314",
  "72.10.164.178:7371",
  "103.139.25.121:8080",
  "95.217.187.170:47102",
  "72.10.160.170:6407",
  "190.144.34.146:3128",
  "209.126.104.38:12457",
  "67.43.227.227:30759",
  "67.43.236.20:24163",
  "89.187.162.70:8443",
  "102.36.217.30:8080",
  "67.213.212.39:64185",
  "72.10.164.178:21929",
  "45.11.95.165:5044",
  "18.135.133.116:3128",
  "72.10.164.178:3783",
  "67.43.227.228:31315",
  "129.151.72.85:80",
  "54.186.85.186:11051",
  "103.247.120.46:10800",
  "67.213.212.39:64185",
  "67.43.228.253:2431",
  "67.43.227.228:4309",
  "162.214.227.68:37597",
  "72.10.164.178:10183",
  "162.19.7.61:15843",
  "162.19.7.61:15843",
  "67.43.228.253:6749",
  "138.43.98.203:82",
  "67.43.227.227:31325",
  "58.220.213.103:80",
  "177.130.140.214:3128",
  "72.10.164.178:22703",
  "35.154.71.72:1080",
  "212.83.143.204:42639",
  "212.83.143.204:42639",
  "103.18.76.134:8080",
  "78.186.58.54:1455",
  "161.97.173.78:29423",
  "20.247.228.80:80",
  "94.23.220.136:48812",
  "109.238.12.156:47537",
  "67.43.228.251:6785",
  "173.212.237.43:56159",
  "47.243.30.66:35305"
)
